P: 7.188560000000e+02 0.000000000000e+00 6.071928000000e+02 0.000000000000e+00 7.188560000000e+02 1.852157000000e+02 0.000000000000e+00 0.000000000000e+00 1.000000000000e+00
RT: 0 1 0 0 0 0 1 0.08 -1 0 0 0.27 0 0 0 1
